# ID	X	Y	width	height	angle	
11	2595.56	1958.71	41.0009	43.8747	27.1288
12	2592.55	2210.78	40.3827	42.8559	36.3685
13	2592.33	2429.57	40.749	43.6529	38.1896
21	2754.51	1952.85	40.9466	43.1847	28.1742
22	2758.38	2184.25	38.2678	42.931	28.215
23	2757.86	2435.12	38.3979	43.2738	35.858
31	3018.36	1998.24	41.6862	46.9765	19.3685
33	3010.32	2508.06	40.7136	45.4302	33.5779
41	3321.81	2029.72	46.1786	49.5937	30.7952
51	3646.59	2011.6	28.298	33.7345	19.2955
52	3646.54	2273.42	30.4225	33.8442	14.3819
53	3647.85	2560.83	25.6199	30.6794	23.636
61	3872.65	2004.76	38.9012	47.297	14.8077
62	3867.12	2231.52	43.7252	48.7515	27.2135
71	3923.49	1951	38.0881	45.6674	15.5395
73	3907	2433.42	35.5261	43.3475	21.101
91	3991.87	1901.49	33.6544	39.3142	11.8284
92	3989.3	2110.6	30.748	38.8167	12.3391
93	3981.74	2322.63	31.5999	37.4914	19.9811
112	470.061	2245.62	24.7508	27.9668	58.8182
113	470.766	1807.51	42.4182	45.4611	64.2863
114	475.734	1379.38	43.0662	44.9513	89.9887
115	485.322	951.397	25.6555	27.3636	130.391
116	496.898	518.113	39.7408	45.4602	129.758
117	509.67	106.89	25.9907	32.4758	138.242
121	1474.65	2643.76	40.4766	45.4877	48.8076
122	1471.31	2213.64	26.1478	27.9247	43.3099
123	1468.86	1791.22	40.7574	41.8524	52.4903
124	1470.54	1366.42	40.9766	41.367	104.952
125	1472.94	951.091	28.687	29.5954	142.379
126	1479.15	525.722	38.4445	41.6556	121.847
127	1484.89	132.673	40.7715	45.1373	129.524
131	2509.67	2592.74	37.5713	41.9764	38.1195
132	2510.55	2236.79	25.6616	27.9316	35.1281
133	2511.83	1860.38	39.5819	41.9162	23.2398
134	2514.1	1456.34	41.7615	43.5033	4.26894
135	2510.64	1149.46	41.8322	43.2774	168.288
136	2508.22	836.469	26.106	27.4762	160.864
137	2506.33	531.913	34.9219	38.5296	134.073
142	3353.41	2198.63	20.1764	23.7854	24.8677
143	3355.56	1833.92	32.7119	37.4425	12.2147
144	3353.24	1456.8	24.603	28.0473	173.202
145	3351.66	1168.77	24.9966	27.7489	179.202
146	3346.05	873.299	29.2567	35.1844	159.414
147	3338.78	592.343	29.5381	35.7594	154.626
151	4014.2	2474.97	32.6225	35.6451	22.6946
153	4017.17	1811.66	34.6164	37.0777	14.2293
154	4013.98	1455.87	23.9092	25.3692	178.167
155	4008.85	1181.79	35.3041	37.5169	167.881
156	4003.9	906.564	22.8935	25.3728	162.772
157	3996.98	635.725	31.0384	34.7461	156.404
158	3984.13	282.23	35.5928	37.0977	149.772
210	1645.1	2517.16	31.9043	37.1812	38.5969
211	1643.01	2143.03	21.5397	24.4733	24.8311
212	1642	1763.45	35.4177	38.0868	24.4947
213	1642.63	1403.54	35.0134	37.2236	178.902
214	1645.5	1031.05	23.0193	25.5163	170.943
215	1647.84	654.01	33.1614	36.9376	147.251
220	2919.93	2473.64	33.6859	36.0418	36.0394
221	2924.28	2127.22	19.9728	22.4716	33.3766
222	2926.03	1758.63	35.9906	37.6565	4.074
223	2926.25	1391.17	23.9497	25.2423	176.606
224	2922.78	1016.23	24.0962	25.7276	2.44538
225	2918.76	648.412	29.2574	33.2255	143.671
226	2911.64	308.647	32.9395	36.5265	147.816
310	783.859	2423.44	31.7805	35.2409	54.1237
311	780.773	2101.99	21.1103	23.2321	51.4978
312	779.202	1765.64	32.642	34.3658	66.6879
313	780.849	1441.46	33.3096	34.1303	81.3332
314	786.085	1093.06	23.249	24.5384	121.114
315	792.53	777.874	33.4273	36.4963	119.721
316	799.804	457.442	31.7605	36.6191	124.321
317	810.727	106.634	20.5606	24.8307	133.57
330	2194.41	2354.05	31.1982	32.8887	25.4888
331	2195.72	2077.09	20.2402	21.6737	22.6049
332	2194.91	1778.36	31.7242	32.8234	26.0764
333	2194.57	1480.12	31.4674	32.5376	10.9153
334	2195.7	1236.04	20.9132	21.7535	179.784
336	2194.62	751.037	32.4881	33.9761	153.923
337	2195.18	485.97	31.3469	33.1378	141.371
338	2193.95	165.602	20.0628	22.1144	151.18
340	2836.82	2318.52	28.3522	29.8192	35.7183
341	2838.44	2049.15	17.6699	19.9331	39.6077
342	2839.56	1755.78	26.6419	28.1812	22.4061
343	2838.52	1456.95	31.5198	32.5655	4.15791
344	2838.47	1219.55	32.2036	32.6488	147.065
345	2835.36	998.632	20.9164	21.6469	137.128
346	2832.15	774.819	31.9948	32.1988	97.8483
347	2829.1	481.263	30.2306	31.6563	138.984
348	2822.79	201.023	20.0011	21.1043	166.785
350	3528.79	2267.42	26.4858	29.1152	29.3409
351	3530.51	2020.91	15.0965	17.8154	20.1171
352	3531.52	1742.02	29.1782	30.3911	9.46563
353	3529.53	1461.83	29.3992	30.4905	11.0753
354	3527.4	1235.56	18.5412	20.2666	152.505
355	3523.64	1019.54	28.587	30.1787	158.697
356	3518.69	797.753	28.7766	30.1141	168.5
357	3511.72	526.17	28.3201	30.1313	148.6
358	3501.88	252.727	18.2606	20.2516	136.767
360	4055.75	2265.19	27.3686	28.8612	90.4634
361	4056.45	1998.31	16.7286	16.9159	68.0731
362	4057.03	1722.13	29.4579	30.1463	96.0901
363	4053.79	1442.82	29.6152	30.6404	76.2072
364	4051.52	1168.41	19.1066	19.5022	103.429
365	4043.99	883.895	28.8709	30.7546	88.6757
367	4028.28	337.518	18.5609	19.8042	115.687
400	571.431	2399.84	33.1945	34.7015	73.0574
401	556.689	1963.4	23.0333	23.9532	74.6076
402	551.898	1546.63	33.9265	34.6226	68.7033
403	552.482	1129.46	25.2785	26.8313	82.1811
404	551.536	718.501	35.1352	36.8467	92.2798
405	579.514	311.445	22.9547	24.449	91.0073
406	582.087	27.4242	25.3918	27.1983	90.5783
410	992.282	2388.25	33.561	34.8195	78.1424
411	968.834	1958.51	23.3738	24.4464	70.0231
412	970.38	1546.05	33.9532	34.6416	94.289
413	965.237	1137.15	23.9618	24.5804	82.9117
414	973.029	727.111	33.3946	34.1512	103.953
415	993.301	327.448	23.1274	24.5914	98.692
416	980.873	59.2992	27.3981	28.8011	107.187
420	1387.73	2374.89	33.4442	34.7005	68.6933
421	1371.87	1951.84	23.5908	24.1733	55.1615
422	1369.79	1545.81	34.602	35.3594	92.694
423	1364.88	1140.48	23.334	24.0788	93.7664
424	1367.05	737.126	30.6216	33.035	179.493
425	1383.52	342.762	23.5063	24.9529	118.719
426	1388.19	69.8878	23.6916	25.4347	100.319
430	1762.82	2361.35	33.8846	35.2365	51.8966
431	1761.08	1951.41	23.959	24.5453	40.2147
432	1763.58	1547.59	34.4419	34.7388	40.7332
433	1769.59	1144.82	23.0237	23.5539	159.977
434	1770.85	747.584	31.7672	32.8521	158.534
435	1779.18	360.525	23.3548	25.2428	136.754
436	1784.62	92.4769	22.8362	24.9936	109.58
452	2570.98	1541.22	32.6663	34.4456	0.849231
453	2577.87	1157.84	22.1835	23.047	166.618
454	2577.99	778.931	29.7513	32.0028	162.573
455	2575.27	406.751	21.3582	22.8923	131.609
456	2564.02	151.333	20.5136	23.5812	131.133
471	3287.13	1905.48	16.4226	19.4093	7.47042
472	3287.11	1538.98	29.9677	32.2582	0.869609
473	3272.91	1173.31	20.1244	21.8114	179.014
474	3263.21	811.023	28.9856	31.7648	168.338
475	3250.41	455.184	17.3929	20.3225	151.663
476	3255.7	205.557	17.6503	22.0539	143.961
481	3597.61	1894.66	19.6751	21.5448	174.272
483	3583.73	1180.13	18.8477	20.4361	169.77
485	3581.66	479.335	19.0481	20.8948	154.865
486	3588.55	243.36	17.628	22.0789	148.929
492	3904.47	1535.09	26.7666	30.492	179.991
493	3897.17	1188.87	16.7143	19.7185	172.381
494	3874.67	842.745	24.9564	29.1506	164.833
495	3860.04	501.054	17.7098	20.6701	152.761
496	3875.65	262.227	16.0435	20.37	155.894
500	4197.03	2225.14	23.5117	27.7192	7.0445
501	4192.71	1874.13	16.7012	19.3683	5.63673
502	4192.76	1534.93	25.9013	30.1903	2.19364
503	4186.63	1195.44	16.6118	19.1212	170.184
504	4179.65	859.89	24.6172	28.5409	166.959
505	4174.09	527.419	17.2909	19.9462	158.812
506	4193.6	298.617	37.477	45.5982	163.64